1,0.050721 0.000000, 0.050721 -120.000000, 0.050721 120.000000
2,-0.000000 182.427612, -0.000000 62.427612, -0.000000 302.427612
3,0.011149 -2.977554, 0.011149 -122.977554, 0.011149 117.022446
4,0.013457 0.777719, 0.013457 -119.222282, 0.013457 120.777718
5,0.018593 1.155982, 0.018593 -118.844017, 0.018593 121.155983
6,0.022450 -0.298338, 0.022450 -120.298340, 0.022450 119.701660
7,-0.011424 -348.769379, -0.011424 -468.769379, -0.011424 -228.769379
8,-0.000000 301.568878, -0.000000 181.568878, -0.000000 421.568878
9,0.005504 -80.636520, 0.005504 -200.636520, 0.005504 39.363480
10,-0.001742 0.507978, -0.001742 -119.492020, -0.001742 120.507980
